b <- 2
b*4
